0.21424012585772845 -0.31440107899531267 0.6494868311933917 -0.9058358372055435 -0.871195609907111 -0.1889489798211661 -0.4908574754440085 -0.9757510307119261 0.9095142707935544 -0.8168198768393582 
-0.5064665756532793 -0.17449496409800802 -0.24417681945589642 -0.27621903752016963 0.38625461923987015 0.29879787575013195 0.38461381945309636 -0.06775169091399347 0.9300812859051304 0.2137404609583604 
-0.6691811459015125 0.25827915198908347 -0.03422666408392727 0.9427197853092877 -0.8862541702547106 -0.3953430364870716 -0.92520240322296 0.3496213730178499 -0.43872627993170954 -0.2306078995348686 
-0.23161871620013352 0.6387883548351403 0.0003569022098823815 -0.06524363367573738 0.7735828100191107 0.8296521242022885 0.30504608287193125 0.6769069786416222 0.04791852412150566 -0.5874802313980512 
0.09950476926752683 -0.6659794142223596 0.7395777520049918 -0.14602420088607615 -0.1512407625874317 0.21660272227706212 0.4835441690817244 0.6724013844697803 -0.861748190836654 -0.5200217135829157 
0.3922818697670789 0.4520168445781507 0.34160954999299786 -0.07138397032194277 0.5644234337316665 -0.5335985990154879 -0.4576688605196386 0.12943358946835204 -0.007276380326545651 -0.19524143236516545 
0.7684875438587855 0.05511521759526339 0.8818600498911122 0.38334777777666784 0.0026381942485518284 0.6141508044696458 0.11649257023763937 0.10875722576273783 0.22860945384388698 0.4332162953121428 
-0.6128367043606875 -0.47625748530812406 -0.2754930766040258 0.4861138933632545 -0.970096540120353 0.5696648656074517 -0.5684295952368952 0.37927308939215276 0.6160553624383209 0.4070928500171569 
0.9133266518676069 -0.7578104234362033 0.5603448057416838 -0.6406807329428985 -0.8227049091915273 0.3565641938951809 -0.5745336603750959 -0.17472649831654663 -0.6002293044460025 0.3551182590585662 
-0.9233510016757778 -0.6261363900307846 0.7827675045890852 -0.06182628386005651 0.19862893538273818 0.010286884023050114 -0.38162215785674714 -0.9131108143141693 -0.638336550735221 -0.8523713991969102 
0.6361489197812245 0.2978795873115416 0.3070748423039684 -0.20269971448546498 0.5265959829783555 0.7935111004193498 -0.7512382028860154 0.9237776543727949 0.41851281762920456 0.008122416218503625 
0.6886274506668169 0.401055836561667 0.4334031586923821 0.7966956267440766 -0.4664007523173248 0.12464802701683597 -0.5982076822411426 -0.1282128125033739 0.05700942229857775 0.052393862795393265 
-0.4161250434980013 0.7238536342033182 0.5805066994156085 0.7910860101701351 -0.3906935776672016 -0.17906279473830833 -0.44103499065782414 0.5374252378453377 -0.9436050598612702 -0.9374543550364072 
0.6847414915980086 -0.33087924926730694 -0.4167397542742004 -0.06682030664000727 -0.6447562201102051 0.35911750050955615 -0.30062816215697796 -0.7858988270967675 -0.15039947332894643 0.6094367309212148 
0.18547199148821614 -0.6216067689874507 -0.3162684546590391 -0.07429553734137184 0.28647844824286617 -0.7669577386961872 -0.4915972212301978 0.7181917966292171 -0.1630893150998829 0.36903684703446404 
-0.9095322115388005 0.9930861115556302 -0.6480848219517412 0.04913028841182765 0.9175950797566905 -0.046344939610986735 0.4593124449302739 -0.2909492827380278 -0.6889510010970223 0.1091991856281549 
0.21046599516120357 0.8992074446438312 -0.6140774206611632 0.7953150852000466 0.4293008332395418 0.14171645573529545 0.139877121498164 0.0037825873411723165 0.19926028697113285 0.3229471910341064 
-0.015197465484223072 -0.494396914978537 0.34956992272623033 -0.3053140689035969 0.5703467723089983 -0.3804857591621522 -0.30079345450898787 -0.6508619940006513 -0.15323287152045562 -0.9115648577875528 
-0.9626793590427694 0.17012471282384212 0.7722301807537832 0.5752106082223551 0.715532559161244 0.1830309297361663 0.15465712554408073 0.3451538137460468 -0.9574253078038741 0.9546342853762002 
0.4617381898038029 -0.3145940320079734 0.43385732216269135 0.8365180030885397 0.6783564856572495 0.6505805379588916 -0.39647746440619125 -0.760012475823806 0.9800153243129828 -0.16917341054629076 
-0.05858835196946677 -0.5653164716133181 0.03930881711718537 -0.28755420080463434 -0.17471735450408699 -0.1993117002517537 0.631135329420959 -0.6412497072763892 0.7258314723981525 0.30169275599873324 
-0.8024873122012972 -0.19968723892419482 0.7932058669231128 -0.4170813065226464 0.5326266652912421 0.061925386468471455 -0.36423031131847283 -0.010355124055560383 -0.5764419170094881 -0.7309093152170987 
-0.15322226464615962 0.4285609973026463 0.6836317304611768 0.1728438910015062 0.35805651237068203 0.29858605682238704 -0.04551349257319748 0.6245858468266074 -0.30177348675899696 0.9927980695459007 
-0.1939901360645624 -0.6469173709723537 -0.9695378370000975 0.770719072586409 0.5725790458403448 0.8454741967073556 0.05840353179598612 0.009049387657945163 -0.43780878435319726 -0.5462003256886021 
-0.4575140250907159 -0.31574095974612915 0.6886216939026342 -0.9284660165839764 -0.3303732407077222 -0.9495114092239243 -0.6513426961637532 -0.383872922927732 0.8774471360047018 -0.8064758170862736 
-0.8623073454844576 -0.13018847822869506 -0.7539730090507302 0.26940826169240717 0.7073164156084177 -0.7526856020259363 0.0831335930830639 -0.06196515789672752 0.8505108819901042 -0.6952968063746074 
-0.2760977828331883 0.41005445017110675 -0.007880028053797172 -0.1973125961269948 0.6061558658586759 -0.9214896619779183 -0.029747103046045442 -0.8779686222492382 -0.5986370290593841 -0.7972715829662711 
-0.029268082930416606 0.906147488627147 -0.7248425152509319 0.26795132912785236 0.7993534434836869 -0.2840314649422069 0.7917401981931969 0.5358927906797899 -0.9371595699116975 -0.9680107143842891 
-0.7871700005167637 -0.28816810856234865 -0.06682591590809084 0.5412083511606016 -0.6685488652882077 -0.5805865610598435 -0.16104049238321627 0.8216154130468238 -0.9833547555919371 -0.8877528688645788 
0.43856081668600777 0.9864743905465161 -0.5875158264623837 0.7398975274539688 -0.1056416665238904 -0.7500728830022134 -0.2688066230331627 -0.12091890340341838 0.4612009058586255 -0.16854007045208386 
-0.6894189683233898 -0.07956101534007476 -0.47811412171440226 -0.5421685367072495 -0.8817136135352472 -0.17089842800621713 -0.2916658741007403 -0.0470450772320119 0.9714587769957259 0.5604915625726665 
-0.7123196117241115 0.09009284218495783 -0.5807935289313322 -0.5213314606726607 0.10055812953306709 -0.10979360918555248 -0.9133956902603766 -0.4617936140931844 -0.31460248848040373 -0.06396797502131202 
0.23595437309814238 0.153864522107509 -0.1958310839206172 0.09721464350847331 0.4348835703817113 0.6228152093944324 -0.5576613183682213 0.9084823644107871 0.25874508202175095 -0.9229367960107788 
0.03692109175371461 -0.2880409173804461 0.1854419403985088 0.6030582351896903 0.18882302301938614 0.5099256143263189 -0.6638445567699425 -0.28051685474795063 -0.43063648036823654 0.056923571975690423 
-0.9809008096858924 0.8227577383529265 -0.01006139144904461 -0.45494760416207347 0.49900244143888317 0.19211019478422142 0.7356062418439662 0.7841059792852207 0.3848651878775089 -0.08883632373746919 
-0.8437082078049896 0.454012982862924 0.6258875861488415 0.18449748744885475 -0.38072116865323435 0.6538449476809902 -0.31273394734615234 0.9554851558337787 0.21665676432420256 -0.15339317030765898 
-0.5083571593480096 -0.2306275295206457 -0.8596492543122864 0.5770117926114773 0.13213368376077894 0.6289032461659936 -0.7455499129917691 -0.830828578517 -0.7518140078268025 0.9610200208960349 
0.7399604305517149 -0.4931347724852131 0.1779967521898338 -0.5400085170280662 0.9546520611835747 0.7999914716765595 0.16281429926291713 -0.5850129538520192 -0.11843813013007343 0.4704494267797066 
0.777020801602804 -0.35868250577828364 0.2723453404655256 0.7316691416835441 -0.5893822883310085 0.6477802732168532 0.8172931473575671 0.7307157787694298 0.2013835028761468 0.22193265955768604 
-0.12659314675222277 0.8695288261842438 -0.4338209569425948 0.42475586452719516 -0.839124568667512 -0.10554111634176455 0.524743393657606 0.3719898584700785 -0.9419385336530812 -0.5207871522225909 
0.06724948365166705 -0.44818149353077086 0.12306320365320333 -0.5431220989564849 0.48447139610343415 -0.6010376076980617 0.2286092840005136 0.378350902422842 -0.13945948846108425 0.8826372745007647 
0.6739746902184856 -0.8370908808648359 -0.8569948563005991 0.03549553710411946 0.53738410584245 0.42182530353831305 0.9758718357838685 0.17367194344036818 -0.8163152499684347 0.37034038011268433 
-0.8254301293434516 -0.8607552989051346 0.0018331339874588792 -0.7259881659298499 -0.9205365198638369 0.35453004182325065 0.9585614251604715 0.8530282894887562 -0.48509431158378935 0.6372941790698583 
0.9556613583298315 0.5193924044465612 -0.3894797867819333 0.3978755297699825 0.019070055951619924 -0.27549185564059053 0.6972866038080083 0.3206123512416541 0.9846508511504022 0.9021533954862082 
-0.8017777770620376 0.6662874479944907 -0.09655246063922585 -0.7597918462741908 0.6828935481808553 -0.6808452170065493 0.0743613775746097 -0.5013171170632797 0.5356896694770825 -0.6613157139924826 
-0.38915883785738914 0.558382812044089 -0.7934607261008984 0.3832809861833735 0.21491173376297157 -0.7828246238843579 -0.14007062986592866 0.2975748078418847 0.019748282806321793 0.5782452245362204 
0.9840412017983788 -0.08190505817252403 -0.053459117185908234 -0.1961262501197678 -0.1942602672019642 0.9763501005693678 -0.5328689790546717 -0.026728790824543047 0.6266443633689873 0.3882182249755757 
-0.3378017672540643 0.9274453415203052 0.39916411683132913 -0.33156528715531697 -0.1128501079131432 -0.17355466264558417 -0.8872168145476194 -0.5854959506801956 -0.3877189418540157 0.9105848215591501 
0.5949433270911539 -0.2278751301366353 0.45507695340565046 -0.10751597632393106 -0.9363681241539046 0.8013713858295737 -0.8161293008942303 -0.17211085212996524 0.5491976003232928 0.23455213457818846 
0.6042732950928065 -0.1715374454038514 -0.8505244667001155 -0.3807875038515731 0.8198568823518158 0.2943370364422766 0.5122585504122863 -0.013620981147848044 -0.9355174948909486 -0.9676315095446297 
0.7940250974544083 0.9954397536800723 0.4152201887577227 0.13101248317083503 -0.9495386223947484 0.17980305471179547 -0.027419521555673176 0.7538286930133675 -0.8743045555380804 0.9677010433713125 
0.8676092802981594 -0.15850354590411397 -0.6116923335967279 0.5034716628488749 0.34798142341255 -0.20686176359455377 -0.06437661866579925 0.8100656928016665 -0.08447296447865926 -0.3929097016453389 
0.6971833705732786 -0.029025978268036656 0.16738409413880584 0.3991298163264021 0.9249586524494446 0.12463142071012867 0.634160763583475 0.7172448042371116 0.28438839067706034 -0.8186153874045075 
0.5169888109679011 -0.3910658607935307 0.36242100013908307 -0.31648647173884736 0.8661916647499743 -0.05840424102719077 -0.7605773563571305 0.12561312720589912 0.32671281269038643 0.7670998498454835 
0.6396210253678722 0.19910502835197552 0.10486522348174576 0.40611688634400256 0.7677759483769933 -0.05404154898023683 0.18748746806757755 -0.9408886767172175 0.9207693209267835 -0.5727435502577884 
-0.006389254049201876 0.9491439697723425 -0.43254324291056 -0.8575739595996119 0.2746751820782618 0.4661558444882632 -0.23747410663910729 0.4866239704598416 0.5542386459821715 0.2116167151935846 
-0.4627041805595835 0.740059202034709 0.7871486385179409 -0.7999581287453605 -0.646603406406435 0.5228585262112475 -0.6508630206241712 0.8157045602509836 0.683218815195999 -0.5640744990658786 
0.9674329425405392 0.3517622108505889 -0.656707795597379 -0.8030904979593243 -0.17822617552223252 -0.9453097842695144 -0.15722081484746964 0.34781498591198057 0.3756165300529555 -0.5101731023432823 
-0.20084047380123016 0.3125613376908567 -0.5587745492647553 -0.1299227442550186 0.3147309427318783 0.9240910104829401 -0.291167257012221 -0.019899673828692954 -0.3562507626233187 -0.2563218764815902 
-0.8006579080996166 0.16629162740114367 0.7681524678356031 0.6610039413655766 -0.26751875965701855 -0.8718476968392395 0.5343686185969889 0.513471629571614 0.3793426948292782 -0.12470120424435138 
0.8745438503535159 0.9690599724021085 0.986865088709902 -0.7701311007550593 -0.8606443008600275 0.5107742597850611 0.29926003151015146 -0.7505628434636142 -0.6956023763982673 0.7207693352766753 
-0.963021096755867 -0.8161435998081157 0.20501444342420871 -0.3477446628717362 0.2696351321455197 -0.8343042478044793 0.781366410835973 -0.03143098010734291 0.8270717894766355 -0.5528129495051985 
0.11725102746412164 -0.5206180065826669 0.5886464837846772 0.5120873789312415 0.7972334421174865 0.510189821677145 0.984902881246434 -0.3649613608773077 -0.4709596727134451 -0.0015156676581202788 
0.07963524586628767 0.1929860788401303 -0.2967996391097356 -0.16514004845411323 0.9622434758736897 -0.6238997588552242 0.2354633557429746 0.07051481209825794 0.7658235996989735 -0.8768313806774737 
-0.775373990196704 0.2616565902943493 0.31954158166637203 0.06604879429636745 0.6409120905391308 -0.38182278284724447 -0.3152935330534006 -0.432295209412332 -0.2583291202457907 0.8022881468174521 
0.06309995916594002 -0.2993699044725042 0.49660911106080396 -0.8598377284305572 -0.4667941511736191 -0.43367662513479277 -0.1829084059594357 0.9224357779160102 -0.3182295781321476 0.12548134943394773 
-0.634040325591045 0.7211072616898453 -0.6346211643992696 -0.9591923479437348 0.8699363976287058 -0.9699044404215291 0.5874434372923718 0.6619997733427136 -0.10897276451865623 0.7615726744411493 
0.8202974780274574 0.49215943249408434 -0.5705054516058343 0.7018647980519392 -0.7554176358671636 -0.858238333008777 -0.1924472288440393 0.07684716306472938 0.5410265338921412 0.02800046787721966 
-0.7502847307779872 -0.7543569992048689 -0.2853424114445482 0.5752406899166795 0.45243604189247244 -0.9296019866347651 -0.37287446640566446 0.28546935615450986 0.8270213578485013 -0.3547653161996467 
-0.993845083921123 0.6791943390807613 -0.1678142835902945 0.054984375720763756 0.4841974120585242 0.20249536815081948 -0.977280665982009 -0.06700867690228751 -0.4414137419765203 0.27551888970949756 
0.5601167290511566 0.9383077259927839 -0.9510035807143375 0.21047929775354213 0.9918929666649474 -0.8107763427907067 -0.6675678269525211 0.26836356014144935 -0.10149022197060065 -0.9205582708702857 
0.9144351277101392 0.46437139471865096 -0.2106845580517842 -0.9783048491970219 0.7507655515135194 0.256690025726227 0.21554055366678182 0.06526831370255293 -0.31678441922242984 0.18388180141824506 
-0.902325729400133 0.8844418618106842 0.3679284711757409 0.7897150430391515 0.8739621753840379 -0.4191078442563876 0.4323313874208672 0.035439975556668335 -0.14486595979134398 -0.9658021129565983 
0.28696528571706237 -0.7864701997725108 0.3658023049209862 -0.9765576784342016 0.013855388111428946 0.1147870414950769 0.5191252513057685 0.9614246086497791 0.7530400392952714 -0.6757975129110327 
0.9261599287656745 0.9914609099234513 -0.30418575360938616 0.5404251894233261 -0.6698189595970929 0.15064378965796843 0.9342355363977188 -0.9712828142935799 -0.2873765657394918 -0.5630293433636606 
0.8460597697924512 -0.8229140481087249 0.25600371827546997 0.287483343894797 -0.7722406374080009 -0.8464836450766013 0.3791324417301396 -0.3847357505164697 0.253703895088613 -0.6755466434259803 
0.6558562130398671 -0.95750385287098 -0.132805128227667 -0.700506608619665 -0.08089802550289904 -0.028612071247164472 -0.9075502878259685 0.35320297990497207 -0.8345580143572342 0.22665036661963844 
0.869461160555955 0.5370713675511194 -0.8486466497130469 0.7732254601319699 0.440196683944279 -0.9628355929303778 -0.5328983472389022 0.5579602122991345 -0.3216818459837816 0.6931456632737245 
-0.7289873262277011 0.5724736915195432 -0.025356688232577307 0.8253854832982928 -0.46472652947544524 0.30306077175204194 -0.4622242661904279 -0.668850428506724 0.9568770413051924 -0.22259803361036834 
0.8433972489781256 0.7441400661508351 -0.39338055691956364 0.5811882428762825 0.2032439896478646 0.5052137486358548 -0.7417014665842458 0.1961218593071008 0.8846893724704701 0.23613572441006436 
0.8104100378341905 0.4771548854311425 -0.6254825184841941 -0.3216517066850684 0.3530143266014856 0.7470514627465379 0.8550309444225368 -0.5127491703715248 -0.013312040537390546 -0.9460007957011101 
-0.164690033068718 -0.4272628571769743 0.8894350528490931 0.15207636065930497 -0.9577950000588769 0.8185800641256584 0.10081351321312093 0.729954000918996 0.8384431674847772 -0.12846596835674173 
-0.20223144793354675 0.3099448959710691 0.5784023317204887 -0.5319441668437304 -0.6752320735167161 0.9849658992090968 -0.4684065447499792 -0.5574548140371662 -0.48027336365749895 -0.011995535041042782 
-0.6031217411552141 0.6079063141527585 0.3234753973132727 -0.7913585629885553 -0.49981037154100805 0.2833196268883904 0.8733501863864908 0.7575390293420987 -0.5905117112078224 0.953768341117539 
-0.19127026970049021 0.44946794087752995 -0.6225589908368141 -0.9776876647277584 0.13371749717763026 0.6979036468738469 -0.17021865009486947 -0.4469520566752023 0.5415807684762941 0.4698022042155545 
0.8969273003944056 0.1801571600979568 -0.7974543287691012 0.8574390316343266 -0.28389467327444695 0.018126440631486718 0.8668832691914854 0.9968999683501438 0.5764570348974738 0.44065512268200213 
-0.5275313909661494 0.04060124519750308 0.06576524734653111 -0.8815746475109727 -0.4118121683791989 0.12299156463217953 0.5056023947188275 -0.08907799622036339 0.7899983547473173 0.2970290405750473 
-0.3374814123769132 0.7354399941584506 0.2702183168596941 0.683040855558734 -0.8444082070670338 -0.311159327199485 0.05764807250445014 0.948172622493431 0.49833325926774563 0.41232843079112325 
-0.9124457427411807 0.7651465953070169 -0.08737963412441396 0.14847208765179376 0.38893234721536496 0.312044445260502 -0.7425035763902581 -0.9366093384136569 -0.05655911164888239 -0.9239217807194695 
-0.4254206435701551 0.31042113785937153 -0.878717304233714 -0.7576721121995931 -0.0819261525512971 -0.6335561819525162 -0.23995843335512257 -0.6259247064926126 0.33278446410971707 -0.5429734059407452 
-0.949901667904417 -0.967256805451784 0.46930711280639037 0.036630198323874597 0.22705584631550724 -0.8205263611865798 0.02518078417129499 0.05263503779441692 0.5151392296339847 0.21434376025479196 
0.5363791587662137 -0.3431226823092328 -0.40486105131438155 -0.022076401682661784 0.6755868550521504 0.8165899352607635 0.0007589349051670968 -0.13177054368647156 -0.17018065723645326 0.021175106145525424 
-0.31652092652806285 -0.42653690437143443 0.07421415470576243 -0.2691744692653808 0.8263127599399906 0.024296636923554438 -0.29566154446198634 -0.47477610969933814 0.40682880054769166 -0.3153703335111775 
0.6276167152995149 0.2683241590633765 -0.7284109390535076 0.7263997423333859 -0.7633128134401581 0.21887410559465748 -0.8842495172356437 0.33176364786864454 0.20224771922879614 -0.7057200854476597 
0.8889200344182631 0.6591048374582764 0.11313655246018706 -0.712414933940867 -0.1024107138361463 0.6534269524515071 0.7971303227628856 0.8848240560869696 0.7527292253739832 -0.9906080474768135 
-0.7533093986398398 0.043657846532654254 0.19995440471232295 -0.10376024619914381 0.9813040363309071 -0.11479345200396729 0.8610956305129467 0.4444602713020156 -0.2968759961762173 -0.4019251029254487 
0.22066876212881947 -0.8698628112873508 -0.024813943228956248 -0.5704824123797505 0.8678729176070068 -0.9476044167548843 0.23018806163079164 -0.19633963828350365 0.24349970514315644 0.07779042602476238 
-0.8311405864217019 0.5032486454142395 -0.018115913143524676 -0.08229072059140408 -0.12150957012232522 0.12266809556764913 0.04804057328356315 0.12039315693780228 -0.11620016778725928 0.34330477033591245 
-0.25638104688268615 0.6786144742297924 0.1714318655127014 -0.38658831330339094 0.9657504219277449 0.6241338616054255 -0.6823387498570772 -0.5161180773740117 0.01951756233737645 -0.035544876724273866 
-0.6325211159004809 0.16329734241936755 -0.2490691651189978 0.5790663509115137 -0.39292132055291695 0.6083585388278456 -0.9752619543489685 -0.06079869642453173 -0.9636037218975422 -0.8273446622593394 
-0.5372314516418364 -0.15133252396302277 -0.11931768801767295 0.643944279625676 0.9724427213899283 -0.10054091546720456 0.6732301097033768 -0.04612690760748506 -0.7395130298439436 0.1488996240923086 
0.04656195592615231 0.008072280629759732 -0.2728253141759951 0.6730840934755269 0.838786841447384 -0.43089422468315264 0.44265142877290486 -0.1584708435607729 0.4748323808980246 -0.6492441450072548 
-0.7922036396820695 0.35674623669369376 -0.5687069228893842 -0.8107450427303302 0.4644384728539883 0.1569747150250127 0.5458239619080902 -0.023799642517295494 -0.12876677055723285 0.6790178038798416 
-0.8979372756984476 -0.4968044188087637 -0.77530414803675 -0.6758218530774527 -0.5167405906971536 0.582130551053452 -0.7233452333132266 -0.5398125120671975 -0.2370087279812112 -0.7990277054305286 
-0.7149542401156017 0.32792550248391583 -0.3573139673889816 0.4668935636103928 -0.690728198988285 -0.9702565802169636 -0.033384861565991075 0.24048944233170655 -0.67828428842635 -0.6237798919770898 
-0.865202427392388 0.9705598552227646 -0.2777072918628716 0.5882078345296156 0.783016394949331 0.8327330445607883 0.11862646722582082 0.6198168019017005 0.5017216290930937 -0.2925493745683527 
0.8380145690963907 0.9746783465899491 0.9867316631031937 0.4149854147046428 0.029012201655010728 0.7405135995124534 -0.10017405196347329 0.44029543333579135 0.17414590670260233 -0.10210243767304261 
0.08067876590194745 -0.6166969702016178 -0.15301459313758858 -0.6021856759641531 -0.5701132212170206 -0.061138512327904015 -0.8466687905088377 0.8939763053420495 0.6177207125010971 -0.22720788352023713 
-0.6313080160236522 0.8390414502577861 0.23936705383326307 0.7187740718140345 0.6635937366751437 0.3476362528604666 0.7744812496692379 -0.63852465257544 0.8697560210721245 -0.5711233600028862 
-0.5403113345044408 0.9087798198009687 -0.5192405004496334 -0.44263076782366273 -0.2686538772965681 -0.9694917026032119 0.20963449052408234 -0.3636810815081897 0.9193830357720996 0.1905561358458634 
0.6767167935755016 -0.8760032611859443 0.4074253042443945 0.9537157713564843 0.14051237464970723 -0.08780191738298937 0.5076219580752295 0.2086817910763501 -0.5770982440018313 -0.14216657656454434 
-0.08323381095259386 0.5314978477361447 -0.16090148144391447 -0.0005608614805268086 -0.7740666212033023 -0.06576068908915644 -0.7309590415685157 -0.8593335951372574 -0.9859246238658685 0.7770356268836498 
-0.3179338500768427 0.33058838125049683 -0.9766663885743283 0.7720965905153347 0.42981539484479403 0.8233751410772199 -0.020750219186932428 0.10897407809721038 0.44962234654371325 -0.06851662427822336 
0.9790439541566687 -0.15464173797108138 0.29981108583869887 -0.6302261045067481 -0.20497803842238538 -0.31505031376229287 0.11179953715410984 -0.971035756846089 0.2639416694897241 -0.7699688891061827 
0.6826679109376703 0.4957307381518963 0.8334768164386657 -0.9304282213411998 0.4431217288905074 -0.7411805333017967 -0.3276715238374257 -0.7803892899750702 0.7788977494088614 0.6922857067914021 
0.6560341707220403 -0.765019959192103 0.5687277838872773 -0.6480884007261083 0.9227021043283761 -0.05115026466710848 0.2591940218324973 0.6089058577710529 -0.4211932963628642 -0.7856163637330151 
0.4180272127657507 0.807956295838701 -0.15058475623672019 -0.9608265088515209 0.6909842309428877 -0.3566078603502101 -0.5358949327191769 0.5269138440803465 -0.4595061150669528 -0.8678414013937299 
0.5519581927938173 -0.4834955264344887 -0.9826421387270534 0.4670088099627303 0.21975324629697934 0.5252298116912435 0.38649390685356133 -0.4215945996823738 0.6197104311559756 -0.7413822409213164 
0.9980301422293478 -0.7757667043557779 0.45569124080112844 -0.8958635731729963 0.6747698240103066 0.7259381842459438 -0.49166657479633713 -0.3644426211390026 0.010123999148032858 -0.9156164828765314 
0.9390433866045662 -0.8840034751471932 0.5809812019520197 0.9466532695675294 0.5491334013352678 0.40629657801013064 0.2932757327345952 0.011135239649858963 -0.13692243486541145 -0.8959386048771092 
0.9843383015808198 0.2796382652045175 -0.1954003917645386 -0.5182805629977516 0.14272404380238024 0.5065596587603487 -0.44947136990825265 -0.8347510683372652 0.5381303925939405 -0.47497214243862285 
-0.8887966018437581 -0.6099368857181426 0.9032556621088303 0.9276641400851406 0.13547377317686338 -0.8632181156283336 0.5819586472340539 0.1965031183630115 -0.17886029802776227 -0.4984805485659607 
-0.8173770470949506 -0.5417686874502101 0.23660644382390372 0.9443505764895019 0.5684968479107204 0.05911728421285223 0.39722842943489955 -0.2550228081235808 -0.9904263111167666 -0.47242147999820716 
-0.9365363260159922 -0.5476828039494419 0.8153230725440765 -0.8050315527617287 0.891602262685689 -0.24243600897748752 0.2552463918325716 -0.24281149376392008 0.4133418279028773 -0.40011782557379316 
0.22596308177666136 -0.24148930138363123 0.6424749127423208 0.9117924115020901 0.4457505998897755 0.3693582654536234 -0.15485183785014112 -0.7334747567386186 -0.5454251039817875 0.8170845714533101 
-0.1247105893915017 0.22119370904816726 -0.32178417516477453 0.035799312271889594 -0.4131133791838073 0.9067894660030875 -0.2306499141562275 -0.5340322458989935 -0.552439401687205 -0.6577487153466806 
0.5819445488567208 -0.5331856191748328 -0.10771575316381776 -0.2651285530793066 0.24113162367970964 -0.6482228129627314 0.9872438607184499 -0.9405163851160769 0.43995585509033686 0.13579340630506076 
0.9994137142322543 -0.8874158047817693 -0.26731171064162207 0.2979741569107055 -0.677429293438611 0.07588126516032578 -0.23988941414867138 -0.1583170943375265 0.35804936814667365 0.9671529508121575 
-0.6799607983550853 -0.846175604021328 -0.8008817243847313 -0.1748739718977934 -0.040235244353822974 0.22513667863024112 -0.9512417148954755 0.8939470223394967 -0.9225392901834439 -0.5804816463218363 
0.8826741555892998 0.14085782646401634 0.4910335852672658 0.24419914997919534 -0.6906817571721078 0.02887838948702548 0.5588761904734547 -0.044110021747213235 -0.9003656704859337 0.13885703176054198 
0.20087260835819998 0.9791023671454686 0.755852651608693 -0.7066904720829519 -0.1290443210478689 0.13225619928384713 0.5975994141475762 -0.8712365755697895 -0.8236868238393458 -0.4295241355317152 
0.4823174138161417 -0.7676484727378483 0.08874672230396019 -0.7075380851542947 -0.5083020152825024 -0.8594569381723933 0.032491934175565396 -0.0389932348816211 -0.5833170789985371 -0.6337106991427246 
-0.09049776817020483 0.7457782625329525 0.1500102408671773 -0.8553908636440535 0.08551215814439317 0.3219370479536072 0.8014938564514982 0.4918946397079105 -0.0033346794085558074 -0.1851831549152536 
-0.400099406572078 -0.008256535340154025 -0.29817224163804923 0.3761249311703341 -0.7828259241669124 0.7985619378120468 0.6854321470201721 0.5768481673595547 -0.15512888110939826 -0.18334493397476526 
0.01826855023955387 -0.8176035948319957 0.4982942151718599 -0.2540482399451347 -0.6007296281796455 0.34510246503078434 0.6663664531316087 0.9846785553079997 -0.05889322001042396 0.24680439395274734 
-0.47174389997818933 -0.8243630317416755 -0.8962624051551507 -0.7298426841555574 -0.7894045811249066 -0.5110815881099771 -0.04349295874081682 -0.8899939538712291 -0.11197167879528402 0.25785994836205584 
0.10089404512654965 -0.9758794297876481 0.3398694942204368 0.813031422231481 0.1217031400431503 0.22922522378939614 0.27196290952493585 -0.8518262853438192 -0.2252141533183014 0.21539309496797765 
-0.9574467421992441 -0.8163146039885001 -0.29275903233414624 -0.4688137626263782 0.34660845538831064 -0.08777656312434523 -0.1557697559168263 0.2830732393482662 0.13405583330074045 -0.7813146456800897 
-0.8083931135983577 -0.2993108008168739 -0.5639021751225073 0.8413272772871743 -0.9957734438739616 0.4195167057298359 0.451352875983106 0.8942910618773732 -0.1667865732196281 -0.5577020649912738 
0.7256678073763148 -0.42120878734103817 -0.9541233661689554 -0.06787467624606647 0.6264658866391457 0.8357140391367739 -0.11843650606663081 -0.854584572454101 0.9463808259764275 0.20663544295164615 
-0.5507701832262057 -0.21201667094198462 -0.2199028001915848 0.7666348164018968 -0.6147368183523065 -0.6636088373319662 0.04413687591432436 0.13799475844294484 -0.24143059793225263 -0.8975968538289512 
-0.24240788867846663 -0.4607359085984277 -0.07102095647991336 0.5063239256743379 0.560400180431972 -0.5805838214367778 0.5212781510503943 -0.5157208153944313 -0.9928182892491249 -0.27330430672963435 
-0.190644614902707 0.4030756978051353 0.4712566008889656 0.5210867661159324 -0.6066121894053376 -0.7240726801815505 0.2271893957437865 0.5386038226321779 -0.7196730867811689 0.7806626773781122 
0.4927675237931577 -0.25260883023406167 0.48851771603741656 -0.3437385351581206 0.7116492587399434 0.21515446279342343 0.6541275153254453 -0.07478192645558002 -0.7691486317136988 -0.14517099397276323 
-0.24350536550157198 0.9511535338153405 -0.674680077897069 -0.41482079474729794 0.306788603063884 -0.6053124433790213 0.6012018849340797 -0.6462995656317148 -0.31609230165841984 -0.13251696383557987 
-0.940099687757151 0.08405604924284482 0.9547201064641408 -0.48722991785593006 0.8259322386466277 0.10229124978942905 -0.039395727647733914 0.6702706853595037 0.643709161036452 0.018499749357401063 
0.7277463063480403 -0.6679243314665324 -0.4810995026779634 -0.4485314344695037 0.4533304196369363 0.8481303009838315 0.8391365869059348 0.8222704608885747 -0.3174344607282582 -0.4725734300165749 
0.0058163308985508255 0.3281454392473646 -0.024777313379359844 -0.6741356718182567 0.22480946760275056 0.7169557647474905 -0.8264184332233215 -0.6800631974804807 -0.09435194632582333 0.8235914833277986 
-0.5391006783706935 -0.28820574135949006 -0.0609416335248667 0.749674121902657 -0.6095649067244808 0.10962518917842523 0.8013352066164154 0.5295503822077692 0.06254371549081861 -0.7963905016353907 
0.01932505555986319 -0.8195823983578718 0.7718017154909411 -0.5819968457208191 0.2152991851901196 0.5310085874667643 0.5160247104815476 -0.190766765376168 -0.06459731734821572 0.5252766100468005 
0.05154192372868671 -0.27772087634930775 0.11067756911039273 -0.2767487840492875 -0.46520134109786837 -0.1938076848799044 0.396201389587016 0.28789535940202726 0.8779882785557342 -0.355688216348073 
-0.051256496191927736 -0.41493240192359315 -0.9381927329780344 -0.9707392979219813 0.16979801616091672 0.8616208427055008 -0.2250834697237023 -0.38778526929418167 0.3683557849749093 -0.7812022142035118 
0.5769055866365012 -0.9772236196936384 -0.8523404172923583 0.6556282959700861 0.011223612972115493 -0.464687952141859 0.9349222215776809 -0.07683497245849136 -0.5848012313164268 -0.43729594138900385 
0.8582277303089754 0.08084182981878851 -0.23896771524667737 0.09061318906555216 -0.7221380573164757 -0.8312889282933977 -0.8435601116539946 -0.24759414840465266 0.00552637208104878 0.26984976373542 
0.8596602022706743 -0.8286647967082863 -0.4727970799246066 -0.44023681996787034 0.6589402006569545 0.2711801545826904 0.2529020465360494 0.958278050855093 -0.6960219433870694 0.8470879230854165 
0.8249606124396145 -0.8411173604373827 0.9801736711029667 -0.00862776373910834 -0.11439967459552625 0.6996192711508984 0.1804399226267248 0.34014926547177593 -0.053843547702823624 0.30494586620583086 
-0.6047527992014101 0.32539187050100593 0.3131147577936866 -0.8669958254810417 -0.3978441890936526 0.060494713714273285 -0.23032212677763386 0.766085320160339 0.1873522626507642 -0.719436876873051 
-0.997331996704296 -0.009869200696425828 0.6687986708487499 -0.011737450962308271 -0.7514817579228272 -0.27353184160545996 -0.5840422861098311 0.8524961717849584 0.16418284089572865 0.8600841922044924 
-0.2680491068057884 -0.28231426904609047 0.4628338891485928 0.4785786756730708 -0.46944613672305247 0.6008111768370896 0.3121657999395122 0.6713214431084868 0.030065255027989624 0.8469677002454823 
-0.16006429876675954 0.20305997364910655 0.8422884334909593 0.33746843743995103 -0.07567359080252745 0.5922114261379283 -0.9223787686743885 0.169223169994553 -0.9404017224040155 0.9622166794454885 
0.4387395009976047 -0.13567259390159325 0.19924327572524603 0.41103755985190915 -0.13051074347194214 0.594655162351414 0.9536286615322107 -0.09263864097362484 0.7489059871021824 0.9065516968433609 
0.21323299608263446 -0.27449513572989526 -0.3697409371138858 0.7363147345328571 0.2898658105899796 -0.5324553021005598 -0.27844758273224546 -0.5746251972091736 0.18682126087552287 0.2654960741273287 
0.27621419983066153 0.4903933142590444 -0.5551254524675344 0.19823726400342068 -0.2549161247701417 -0.7863479879375732 0.7951865169098886 -0.37278647419434097 0.17518749817891277 0.46420299432461687 
-0.6491604200315206 0.6740375486603682 0.8786692761315016 -0.26903242167637487 0.13773333953311617 -0.1234027278928358 -0.4793244227258664 0.269790144751205 0.6919525344440158 0.10263970222182373 
0.24851040643447764 -0.14668733220504926 -0.14913065497057176 0.25860362516060564 -0.7994871862127575 -0.8302010252686447 0.11369695072892405 0.9860969894837075 0.485665860730242 -0.7341870087623346 
0.8219957876632145 -0.4104012807977666 0.3272769315976769 0.3150186062969471 0.5695976001596654 0.18293279769777637 -0.44075009199461923 -0.7710379520139643 -0.6974766147476221 -0.17521310583844385 
0.0820635815344597 0.3418394575408754 -0.34616843782310025 0.16329104444236853 -0.23168177433362502 -0.8508461666301694 -0.9451880927807963 0.03352856573858776 0.24286966891520456 -0.05224252741376012 
-0.10975838119890091 -0.8692460443546626 0.7344771418991796 -0.1962561624971657 -0.24017297193528808 0.03624457086718258 -0.4214281340217281 0.5134826020033696 0.3861590665604535 0.39566821752667414 
0.28842406001805476 -0.4587987940243994 0.4105618179399395 0.727612963882283 -0.9082025466152817 -0.6733950896724712 -0.01301974273245099 -0.33623925852294456 -0.7732118646369202 -0.9729729564144736 
0.0878145509941679 0.42239095978806884 0.6788797212423907 -0.3981079811177468 0.6388078171967881 -0.5266481268008409 -0.637418734608753 0.06162653343476543 0.1835961144678988 0.36114383991193066 
0.8566588010783631 0.46885952000938547 -0.976206360553378 -0.11400712476795949 0.7346181632401747 0.1779106057505926 -0.6995164781944851 -0.8210336426231952 0.584370923406696 -0.08914741185107466 
-0.7985126246635439 0.18832123102561793 -0.7281004543375951 -0.7943535710763143 0.6424084253483637 0.04139734718969357 0.8409342670165398 0.9882822447200872 -0.9020823735174583 0.3828172239833243 
-0.766006143837032 -0.21282142326021525 -0.5142061210825126 0.660473342475471 0.4746712231321977 0.38677451185213063 0.38590468015623447 -0.3983984267253653 -0.4503993944357483 0.8185132099464671 
-0.45304479883990134 0.34373713495176683 -0.6699819112900678 0.9861992473803278 0.36360528260359604 -0.8146997896387616 -0.34946035180539226 -0.7843113456619677 -0.6760357667478558 0.6337372359146949 
0.2062724950311614 0.4964592425090424 -0.16929377402436696 0.584202333705143 0.6864411418683583 -0.46595483575043994 -0.5799940823554981 0.8713239004743063 -0.29575098537435496 -0.967793847347812 
0.44700084965166953 0.18972250025506976 -0.040702952947861526 -0.383433854744762 0.4885567778010218 -0.9195709321479457 0.0336214111150257 0.985495554760238 0.6475779308826726 0.15259392517681802 
-0.43307937459044155 -0.8986509540604184 -0.6640510276150577 0.5903670331856097 -0.12967510686115435 -0.69402641564026 0.1839784244038214 0.09444561752544378 0.3110974791105552 0.044599404130234 
-0.39768113594234134 0.008896831962128982 0.7025596222147468 -0.7808279748302112 0.7236758438019126 0.8985265311169071 0.3534234035253154 0.15712903098406716 -0.6218585358415771 0.28180722506629996 
-0.7152047061747704 0.20820588313111954 0.14924283455755427 0.6157790066890518 -0.5835272882617915 -0.40622652113614244 0.5669947549234655 -0.8557744428271346 -0.8402967454768351 0.028976998809323362 
-0.07977332540905269 0.06737481298688963 0.7237232418560571 -0.5198974802328213 0.8791647265672635 0.4285159413503712 -0.12688942958407523 -0.49841147934073726 -0.5019866161767466 0.012941829755353407 
-0.7039443609460698 0.5966927284969206 -0.48343028174232505 0.7777236872722271 0.39453698861465436 0.8207617864031678 -0.9141449934295836 0.68068053493024 0.775747256155257 -0.9144402175095216 
0.8755698886889223 -0.9930409612317894 0.9913150435714615 -0.8038629771743115 -0.3726649836083642 -0.9941660680090212 -0.8199118002226833 0.9396102826629702 0.7246929293216777 -0.5745882360980261 
-0.723163385473065 -0.6565219628978325 0.05054930740092467 -0.6050794536484487 0.8674108831900091 0.625728431160216 -0.5244475069340491 0.5658411611657661 -0.12211014589253111 0.44075417757518287 
0.8025392858839095 -0.9552555027169949 -0.7390708940328663 -0.1576759686948206 0.1927402557065756 -0.4208790617560001 0.5455170715832611 0.8882798634214113 -0.1594913990927349 0.5264993159714262 
0.2523423041458106 0.07573712838229829 -0.19999794153625783 0.6800068967114039 -0.8562806716804676 -0.6051662139360074 -0.5876116392519604 0.9233945134010138 -0.9263457106569357 -0.015495647269580859 
0.7650858172440105 -0.16622850314719506 -0.06713858317548338 -0.9055034111882645 0.8862557567058376 -0.11170738077327624 -0.16788463680158694 -0.75791147159903 -0.9147245560616437 0.7467976727646364 
0.3805013065462528 -0.6975530772917291 0.2956952964289057 -0.12514798622900325 0.4613367050832222 -0.8201983204626344 0.6534176563483431 0.7128192604092614 0.3646148281321888 -0.4625856772868493 
-0.4539025975242601 0.05197827136044886 0.7343162001336829 -0.8397993892035749 -0.3150850185035019 0.6472741794757471 0.011163340990904436 0.67593896196085 -0.49123047866645164 0.6457722425949992 
0.8083841693913851 -0.0052770123557683846 -0.28997695723187755 0.25581077767047944 -0.48518315842965 -0.6884439566250606 0.7362118432443023 0.949396022914891 0.4716760011883794 0.9382448634298828 
0.5779925852831707 0.6089450318603922 -0.8127056805065307 -0.6345241315521104 0.7459389207751572 -0.4823739377698042 -0.9049135649003419 -0.1465224125495186 -0.2596404209879346 0.3276632847263128 
0.7436268326602731 0.43253519664292406 -0.6444424966687758 0.11034538706536634 -0.22573792997710074 0.9784716604695369 0.2288108939331588 0.19862294617133158 0.5619472005317501 0.9605081880265682 
-0.26001770280299596 -0.07549254401965166 0.4784221997819602 -0.14349993637387803 0.9778391827206603 -0.13614896807376864 0.6490276494281979 0.39238642067951424 -0.5222765994599843 0.7580980942907227 
0.7960241997596051 0.2844172476343567 0.6651046911983727 -0.047452044392393145 -0.2869008422690298 0.9185234824706174 -0.13364169279820293 0.7983065904151958 0.03212654940535864 0.7144244179651886 
0.7224996737670721 -0.11433814049637836 0.2561950962257806 0.5274402108883878 0.2903607666862251 -0.5044519632282645 -0.7419092103924156 -0.004998715827424949 0.8426707070090009 -0.7717622812414735 
-0.5591964564894545 0.10350159255933766 -0.8369429825255279 -0.9725120967424816 -0.7367232720717891 0.773219186800977 0.8132420242417704 -0.09165856056953348 -0.8655920718603878 -0.6625148778097425 
-0.9049675721385597 0.841368529597676 0.7713509448742288 -0.5688916385571212 -0.7882730892870555 0.6806399026904202 -0.7253634812382876 0.12910011344918693 0.8094730233380714 0.4243156957100602 
0.26762567685908634 -0.0187498479504149 -0.3163919207115937 -0.2342053587961339 0.9937639860183809 -0.8692779848634695 0.767101124242225 0.8879761340480687 0.6139353946963326 0.861075996621353 
0.7252599798934687 -0.9901818080348741 -0.9757680142187939 0.28810302136662114 0.5058155439361878 -0.7556351078930332 -0.5316274126762661 -0.26563250946996275 -0.5147220362612552 0.05985215227870366 
-0.7626383077199927 0.4357750814368533 -0.8484627939892779 -0.5470855295176404 -0.6587662373291296 0.8970850246475268 0.07443101154884735 -0.10698806083956569 -0.6903526698195404 0.023625681562967182 
-0.5720820990643942 -0.8561897819512567 0.0013211656753848722 -0.29105697574137923 -0.15333071222174732 0.4352169325925317 0.027321909348218876 0.8489027095130621 0.09708343549474696 -0.4085400028543207 
-0.32600767677683384 -0.1687031226526028 0.4213589245364986 -0.9911078840817176 0.9551711628628423 0.7791401854088649 0.0600039238462553 -0.7314483608279188 -0.6239117439551125 0.8608783789640859 
0.7170205323297387 -0.6174005411732819 0.5952351694248306 -0.08975700694334354 0.09774706923310972 0.629411017433317 0.6922827021026718 -0.6351777440223674 0.9932646093707171 0.3482099311815898 
0.2214477579573475 -0.40120443964270947 -0.09186064118815773 -0.7282068713156453 0.8456658583584755 -0.934184955865744 0.44459686270899845 -0.25362677986770055 0.5257139742746237 0.6232547030587237 
-0.03950720904438576 0.6078569158152527 -0.3785097727188602 -0.9227830228593596 0.4229870812621306 0.007426043123753168 -0.8397265181323406 -0.25667958536792335 -0.6639224450551777 -0.12036685279394832 
-0.09891548776916004 0.9646668431349446 0.5725334613119477 -0.9961816382557929 0.7825805951097011 -0.755301974187413 -0.2934874079668124 0.9768886175168108 0.08626717205935641 -0.369324918740622 
-0.2971361969469988 0.5864844063970471 0.7215236229098592 -0.36161154040746535 -0.2936819881051569 0.5411507929910886 -0.2781718355264098 0.8989340185161689 0.4844854890902037 0.2523003759250042 
0.08112666917129063 -0.6832905337498132 -0.4439495823838546 0.9548490253408157 0.5238172534409429 0.7945924448030868 -0.3172405795875439 0.27615083078164937 -0.6018174196828299 -0.17482763504990162 
0.7507212323842873 0.34472023272732466 0.09011532228927188 0.8133360437156145 -0.6287100678531485 0.3716958137791475 -0.09196725185459798 0.9101205523790508 -0.7951068502092953 0.4286624817484379 
-0.6319154175245785 0.4505015344822543 -0.6945643634626968 0.8055974291914061 -0.4572817642497353 0.39307992153819526 0.9232382545222044 0.6015151231900606 0.9636490741842798 -0.40167695289166927 
0.863336313076069 -0.11067444966556583 -0.54707959650964 -0.9723819145730719 -0.26735202236932554 -0.5973952208932098 0.3442378929423988 0.21465634157581803 -0.8531627181016868 0.9134502075195641 
-0.9128546929279688 -0.1482230149836563 0.711898768732038 -0.3768884246212312 -0.2903041365456207 -0.11491269050966069 0.7020307570375635 -0.8492312502589421 -0.3474934359857016 0.9897519736791789 
-0.34785406190400203 -0.6713544835667491 0.558998743399338 0.45103325464559574 0.9552599833269315 0.6581170004262633 -0.524289952218151 -0.7998510869871953 0.02174189714314645 -0.7395771844331449 
-0.15449216664193566 0.3528134355962882 -0.03522205850974003 0.011590913277359727 -0.8830068463074232 0.5582135919982454 -0.3622015166230661 -0.8805811537646819 0.46061164574069946 0.090598618347838 
-0.17644999358454627 0.8967540856566092 -0.8228834555244622 -0.9449049215882324 -0.3970259040355375 0.3751363955199052 0.19909973043857354 -0.45977520858708965 -0.272499593068122 -0.5370927810719279 
0.44658304879396127 -0.8867901207780859 -0.20482483611737945 0.40604421411759395 0.5594402647159145 -0.4779927386298042 0.3049462192633461 -0.023808151259095522 -0.6880981584789447 0.9138291448665226 
-0.21285642865719812 0.46863221215539586 0.14057342000848339 -0.04027198346890537 -0.4423500719838509 0.22912156944907713 -0.16728391258024566 -0.8147340859140015 -0.4512016196268205 -0.30289647189674773 
0.49261827625088817 -0.9917865116495446 0.5691143900538163 -0.6943964789671135 -0.374552799917351 -0.16837206691741868 0.056831967696465924 0.969852900542117 -0.48841121010760813 -0.43303348529180274 
0.44661505222584474 -0.5799063673851765 0.6767832236733842 -0.16665244868132434 0.6283921573451356 -0.01607938241823126 -0.789741993399838 -0.521543657533118 0.9152874649122 0.8285385991209768 
-0.6803711517097168 -0.8636933048559978 -0.18188469787190598 0.9051957263211226 0.696511474907126 -0.5286963117274119 -0.6132424250702511 -0.9270113490539367 -0.8141906793592995 0.5073898032105628 
0.7812270900732592 -0.6368690689986178 -0.6739903280333668 -0.7633534800326174 -0.46721195716691577 -0.9585459651149104 -0.3489287245378505 0.49962103805900293 -0.7060445774150366 0.7973472764700293 
-0.19378329186875054 -0.4175241458555623 0.162558520508838 0.6199414291905112 -0.6922981347089281 -0.9554494218832754 -0.01823154321873033 0.7461545026524412 0.2293442876178513 0.41885196148642145 
-0.9211203930434249 -0.7820644861628923 0.6689505969384124 0.45573875686053844 0.858921110472757 0.2091669950170747 0.29858315677491465 -0.21487052043134502 -0.48404798951258043 0.0413164399220749 
0.815195205509015 0.9715334462256593 -0.4381421043927711 -0.7852917275580478 -0.9422249726369418 -0.8224668914847977 0.23352658021534634 0.6304710954612878 -0.1323537469089111 0.2482804023862657 
0.24450832155100644 -0.026103241265250654 0.43299058112529965 -0.24571130802773533 -0.5243759880183674 -0.08269661875304823 0.8851470834631356 -0.6537494800537555 0.6043934330793892 0.1606319597829149 
0.7179286030796483 0.4750240990759733 0.8550548740281292 0.3795702814696864 -0.09301125499838214 -0.2598559824410198 -0.3008376541079252 0.23976318376210415 0.41557555473530083 0.5965463683293291 
0.911354189863274 0.2773497772280755 -0.11865599336301935 -0.47536518663333194 -0.19350073877182394 -0.13732188807043655 -0.7344998575783948 0.4431323893492096 -0.04335343860890051 0.8584551603139734 
0.5000843451851631 -0.1566180433811608 -0.6552141111870391 0.6003162999916518 -0.01694285893350167 -0.5630555424735808 0.8773207666653782 -0.6571123284514424 0.5576502688854583 -0.06104168705228252 
-0.33481998738291097 0.4982099460546239 0.8457298714340447 0.47036571866999854 0.37015020114234587 -0.7429205719299747 0.47257217413468333 -0.17032445629444593 -0.7221966622261693 -0.8258000848927824 
0.8198009416725498 0.8058095903962104 -0.5014829746686353 0.39899994726709087 0.2698074758965936 -0.18331817245995774 -0.1575660635727374 0.6128703994383597 -0.1461420267069229 -0.27092308393462994 
-0.38708648841883075 -0.4890793330815517 0.3464475871447663 0.070518774187037 0.05738349495905104 0.11830965561444051 0.4303852264716761 -0.2941274741039912 -0.32487179841977065 -0.676590570813095 
0.48991673470655983 -0.8783639836675838 0.269260452439666 0.9096029153321294 0.5891675503323746 -0.6411846949750166 0.42450449241064114 -0.3823108145664089 -0.7332846663115558 0.42125613232441794 
0.36056668893232 -0.0076666936990759105 0.16378104674047478 0.3591084171587442 0.5803909884575533 0.8100407223162427 0.23490153559984406 0.9737793309827589 -0.06067359105287551 0.9795124560740329 
0.6248127506674961 -0.8459813687182769 0.06394501548622089 -0.09336307804247901 0.31048368836601603 -0.5660418473033635 0.8488353777002329 -0.8528840545171306 -0.47298777059443786 -0.7491736064915893 
-0.2730299791127233 -0.9988516735530173 0.6597295248653601 0.8612515994883487 -0.9211554405033155 -0.06366807818439058 0.21742406753014953 0.9335377164831267 0.4793947752492944 0.10259147780052569 
-0.41181569424183095 -0.533907212360905 -0.014760776631551176 -0.18518372801795957 -0.4680714689484988 0.41189224386208023 0.5947692668994047 -0.22405128308378885 0.9773281092714967 0.37141868642080933 
-0.5087836377600596 -0.06927538106961628 0.4869488349927491 -0.28560637843898107 -0.04696245503964347 -0.7576026027454046 -0.15233055458719824 -0.20777330938409366 -0.004254020606227815 0.07500716236068028 
0.3542432164000644 -0.5903496218138471 -0.14185717880927173 -0.6200822760846116 0.12964193733061324 -0.19873039492714817 -0.06231339575930184 0.8586806449070543 -0.14662814465994845 -0.7063765026326843 
0.45269653139578825 -0.2120620811838776 0.7763607749071766 -0.03100250574544794 -0.2552818928915661 -0.5425035364460855 -0.1393257383633324 0.6048263337530586 0.5069619885639856 0.13944839548509247 
0.5783164812616055 0.048294104086576084 0.5738614343715001 -0.6033996067131375 -0.40909211353334696 -0.7486109351256884 -0.15075262832754888 -0.7836504570269351 0.6395882538663062 -0.27468247028061765 
-0.5754782811076815 0.5968330014381378 0.2941799676036352 -0.46639076586445727 -0.6492799433242227 0.9922944961399025 0.622713928534079 -0.6976081963228855 0.9483413324106793 -0.0005012855143076145 
0.33414891813880576 0.10495915570575276 -0.052434828935626454 -0.9240666020703512 -0.5050201294115781 0.06153767252141651 -0.18967960071156176 0.1829766713792711 0.9165923458735146 -0.7881226160605266 
-0.2720344468734248 0.040827934505592633 -0.9654075530002155 -0.9525608133562047 -0.23711152252608736 0.5239195462613095 0.05989149812271721 -0.16336656568725294 0.16009655533712364 -0.358599277952822 
0.04958368191672746 0.9617050525201616 -0.818359173659275 -0.21085305478014393 0.28453891131221276 -0.5537825343706695 0.9040439105510683 0.6089930462302016 0.07511184200287624 0.47920851035875756 
-0.10303056863795157 -0.6056091832777422 0.4081580209399587 -0.7931165261137374 0.6655931792823317 0.8137248966189401 0.6967595019952224 -0.7059322254236013 -0.5456511951384868 0.05103740832491965 
0.9226605035971167 -0.9163518686089336 0.9510881560071633 -0.436810938625219 0.4123446374457558 0.6585494894791462 0.23155116140867316 0.6481560522980165 -0.8276390095706829 -0.6935103742136852 
0.6890009753710997 0.27118310073225693 0.2962925909450129 -0.6640865023795928 -0.40316834259939904 -0.6032333370352021 0.5708065065456698 0.978765602609754 -0.993351732188446 0.12479598222943689 
-0.09585475179868586 -0.9448600877056108 -0.9970411059185194 -0.07566232792791316 -0.6958998722746119 -0.4398587661003779 -0.8525341724379676 -0.3715599347221934 0.0010109673083915638 -0.8193642339910341 
0.4163182646343122 -0.6898572054496144 -0.098693322711777 -0.34419508179529945 -0.5025974342365995 0.3354522384007983 -0.12262628952238885 0.6036982532307233 -0.40680232689216456 0.2555445535228358 
-0.08982613142581353 0.6288368973702689 0.5407356122576001 0.4929223079505711 -0.520481380875234 0.2586083942714674 -0.7194927290897688 0.6357202506923638 -0.004940779938725326 -0.8567977250635463 
0.3822796632599832 -0.06122164195910007 0.28560645441644894 0.9238633164878778 -0.07544054286293966 -0.813120387086746 -0.7732681991935868 -0.5576387086736767 0.7790566433957844 0.023180690008684834 
-0.10318522058820312 -0.4464670430474891 0.06077237734606045 0.3432279298234 0.8135035537474651 0.34528079300984094 -0.6754479428451818 0.2722786206195782 0.09480444858189485 -0.20343304775962534 
0.5209380723476014 -0.6724462313870578 0.6645048077060101 -0.7755950297316632 -0.4219193801378971 0.9717434810827215 -0.4971066994717608 -0.4092830272819583 0.9686692588587258 0.22252904599104073 
-0.9526792863950877 0.15795241411486316 -0.9491242058606721 0.23473710457105823 -0.7094383558172306 -0.7180511650150732 -0.45631385406797653 0.2548626481808218 -0.22394741970408405 -0.9671581777708267 
0.20948149488144052 -0.6983995259634785 0.6889996190991148 0.8339946695356051 -0.9236166733281552 -0.33442333046223394 -0.12056156914022265 0.0632016354598568 -0.26590848960380176 -0.2217520803472981 
0.5503079476133943 -0.6662923964847285 -0.8124385204313536 -0.7189485164095344 -0.842565979888634 0.6621997285303265 0.9164121209038547 0.7009793055182421 -0.19114129141913638 0.8099119093704079 
0.8302280168533347 0.41204250049576197 -0.4529586319608754 -0.7335131716135723 0.21734006339739254 -0.6021358452624928 0.27992979338081536 -0.21934000530420517 -0.715106580885084 0.02836927672839762 
-0.9603877842571753 0.8576360276987678 0.001690987564604285 0.2675054226933071 0.18551930306144238 -0.05301829469564501 -0.11552717384925093 -0.2036642477696684 0.3162968925943672 0.6600775762045148 
0.971519227037341 -0.5666668519666107 0.5413754021273229 -0.767452319288868 -0.740165771207588 -0.9825642997262019 -0.5148504684595192 -0.2013830727738044 0.3948019497234492 -0.9923327474518011 
0.41219175834449695 -0.48093307080583214 0.84521926607331 0.19875245402246988 -0.7168722226396405 0.4833372808438914 -0.29849178502507523 0.6326050872406175 0.9888841138082154 0.5723642547311167 
-0.2654674268036712 -0.7674047945818858 -0.9956455728793798 0.8110416288972941 0.4805990789771575 0.08170140264651682 -0.7579031850657754 -0.3610091343958428 0.30619063784554856 0.3306637276215938 
0.502602172287673 0.6520371364110806 -0.14239879525350108 -0.32461572645970627 0.5449646503885497 -0.5826527573587892 0.8119961917547234 0.32204888264346176 0.6395391074832022 -0.061721191765426564 
-0.004521534354142487 -0.505257177137717 -0.7468099639929251 0.5503623460882847 0.9511629767097327 -0.5233461369000802 -0.8812175044291914 0.41121585554147444 0.4144452199414621 -0.1264464978405231 
0.6356133805368978 0.5154052124406963 -0.950443738201489 0.7607438602626149 -0.861848122024139 0.6709862402796405 -0.45743455778112274 -0.6273156507867077 -0.23240406602880603 -0.7897156023110492 
0.8138699488377881 0.6182047271043507 -0.5658943303955937 0.5429044018818276 0.4263233497762444 -0.3467821215506759 -0.3373830876129129 0.5947998550155609 -0.5940853000770048 0.36500595852488105 
0.5897687073450004 0.8440092039948641 -0.798647678389943 -0.032457922076247536 0.9281289880879673 0.7530484975696148 0.5828573088066742 0.08562908213478404 0.07208387142566508 -0.7257640870833837 
-0.7602208283780698 -0.7628844420551286 -0.6377404438988965 0.19792651115850513 -0.1997121071078487 -0.9907517348506225 -0.36401890768919887 -0.6569551415784747 -0.3528236180610098 0.8787272146799294 
-0.3908721961767827 -0.5934608333253346 0.3669921350108072 0.2619116129475312 0.2944632582165583 -0.9418642239912103 -0.7388446756738438 0.3444533791722215 -0.6892707595318868 0.2048376371011802 
0.3721105347206166 -0.9947063739422057 0.5577771666477274 0.5561883042035025 -0.7239047498362072 -0.5244486826604693 0.20048746155955155 0.8544313240093477 0.5957530195371601 0.4820719514588905 
-0.6822070472909267 0.6890836777071867 -0.008659237394239572 -0.15173999384781678 -0.3315678821532515 -0.11935700955061446 -0.23748117206935104 0.6551877630202134 0.07833846797548527 -0.2608563730338793 
-0.778717006049003 0.3744895858535586 0.685028277915974 0.05134570213076839 0.8325463730206444 0.3719435246033942 0.791089713767271 0.9188361901175044 0.9046573720452242 -0.8762349968473462 
-0.1846275582759147 0.9827265141609869 0.7769727236256498 0.11645440889319625 0.24491872215519628 0.0846549107455643 -0.8118918746516184 -0.551845167592496 0.8831694690115437 -0.3259011665072187 
-0.610346631897942 0.41903002805630574 0.4098732857947631 -0.7336471144007477 -0.1892719885026013 -0.9313626677518376 -0.6607408191120803 0.9704981252311253 0.5462015418141422 -0.5474892212896032 
0.7066588081477865 -0.35182153823266127 -0.6221816430446623 0.7905839677495661 -0.797681774544353 0.052609555071149616 0.450312758378725 0.06535064456140915 0.4744487108396589 0.9519792890647585 
0.18719990841084266 -0.9433966286634361 -0.10583262321302023 -0.7741291820632832 0.19408482647031766 -0.2916884782132245 -0.8940225738719347 -0.9137393972024888 0.8146642726306481 -0.2743817581474328 
0.2448394074597131 -0.5567902200508972 -0.017674209694929832 -0.2651168864902915 -0.23060817286294544 -0.8884412910648085 0.5110681215571025 -0.6198672795132127 0.07721479218601868 0.1860193998367352 
-0.4107901982954001 -0.34037400518761163 0.6480531739008939 0.8996419373451305 -0.7341764640925208 0.671421505926455 -0.39353320423012494 0.42813920627912627 0.6605575055650756 -0.14673292699566942 
0.38925323719772664 0.035010971258292445 -0.2398561246331561 -0.6279717136562248 -0.4722165702178853 -0.505372204105081 -0.010012158556317763 -0.2761389977579296 -0.5995279528336297 -0.9261681750021324 
-0.33168743605372497 0.7207640810891061 -0.5233303011542958 -0.18252259346443012 0.056570080203697026 -0.15271230912472333 0.6591562172009031 -0.9737831578728722 0.4040751882809692 -0.11933316353946832 
-0.1512794948886862 0.6170979214326735 0.5954271676541703 -0.06530638515445641 -0.4966814771966781 -0.5134110541119656 -0.08603706141305323 0.13277553958028343 -0.5741556555920491 -0.044815033720789765 
0.4101799110306985 -0.008762372114713202 0.7369850206089914 0.30495209095851106 0.021439968987695845 -0.38327353799401864 -0.11396727664141548 0.16734987803115597 -0.9751239105542435 0.9577695651321376 
-0.34456314957189815 -0.6278393411456233 0.9498326373604444 0.394209215322189 0.02209173642904516 -0.6038903735753649 -0.08776115523945771 -0.0010952683868901136 0.00524502531672244 0.6802196490479517 
0.8879642070717348 -0.4244954165435406 -0.8471897708979985 0.4140913650597666 0.9745983910119111 -0.9826031259421311 0.8931645288651247 -0.20021182132617876 -0.06204587928643934 -0.1100098178165907 
0.4131470386915306 0.057642223657220715 -0.18611633348375967 -0.045782959719939065 0.17484200943371309 -0.8081170055346982 -0.5974705812619081 0.17326993666885548 0.14056651026842082 -0.37645618370955103 
0.9982195683125838 -0.827132308137621 -0.5623441028159608 -0.7592402106796317 0.22553785170573426 -0.4554726483954752 0.30431723550058964 0.9106187771345595 -0.5022019567200713 -0.8559296551580182 
-0.9063496928648289 -0.2890936410017999 -0.2150317868621685 -0.8835292263795804 -0.7121243386129137 -0.8570148802357416 0.9459622263756695 0.012500062036523873 -0.4022909368866465 0.4954446172184277 
0.8819429464751043 -0.5775412239352455 0.40628203816127995 -0.6045341546997345 0.4883910764332282 0.5328502499912942 -0.5589531240140906 -0.48788343297302106 -0.11583723493877818 0.7488390776867686 
-0.4775332813505202 0.5668018573644908 0.5912452239237411 0.41371205387841714 -0.9242642623189106 -0.8210905696663744 0.23939133179036043 0.9145531739308217 0.10960950382232437 -0.8242825330641539 
-0.6015080354023996 -0.19056890652997938 -0.7115807624591051 0.7711600810173835 0.1045203278731921 -0.07718305379800028 -0.5622726733299184 0.7200839566644823 0.778105550904296 -0.9648992978086539 
-0.07424211622667554 -0.5938485453696065 0.04580254332386979 0.8464285795414723 -0.5062986018494875 -0.7096463840864691 0.6027434991726441 -0.0008679206741293299 -0.12052593535256695 0.5406981318896011 
0.40889547640153534 -0.22495082009296508 -0.4430820404813909 0.407458277793715 -0.2827930873096187 0.8606462628518421 -0.6288723148585325 0.9431622569453817 0.902976244988204 0.7393718996450884 
0.3335954958202161 -0.051969876942265625 -0.9958798176062058 -0.17682985530137474 -0.8855339722557625 -0.7115539108725117 -0.25540241599027924 0.07377748902921999 -0.5891936027786671 0.26772412498284526 
0.2096496679516897 -0.6126572344124919 -0.4740241028887944 -0.7482872200211796 0.13956544536073934 -0.08099004014525346 0.1534813630087366 -0.09466937107600937 0.8303340825470287 0.27718916607159594 
-0.6241880972444489 0.5176174728932024 0.7044542380325329 -0.033800647572858944 0.5428566275990994 0.30722936895748676 -0.2573423671278916 0.0964749915709231 -0.023898170333677582 0.5459171609227707 
-0.22795549736220933 -0.36528903255854894 -0.4040943962508279 -0.01657289669029849 -0.7859946171072743 0.9721913668266897 0.6244347605022202 -0.6972223593613611 -0.21700289216328628 0.4906061527544412 
-0.6930873812165081 -0.007618720838036053 0.9539900696689116 -0.7538541402155696 -0.4092246013195009 0.5362442006016563 0.45296687546815084 0.8625985237542404 0.13225583809855324 0.8297358435161073 
0.7859640701017871 -0.5369246204195712 -0.8571205453539832 0.42543133650911336 -0.09262086320208285 -0.3579233534073316 -0.5201627362243284 -0.6196240885332791 -0.22709996070746685 0.5585202062718804 
-0.8289480327616852 -0.8282434105655987 -0.46782469262995363 0.6808899841153171 0.6367216205913706 0.5913388600561467 -0.5344569460823483 0.7089751459633917 -0.11651754206214893 -0.9999047180341631 
0.7788938310236668 -0.868066798606075 0.5121698150996086 0.35754917745404247 -0.47582992862422 -0.526371170217814 0.2773508612657323 -0.8888122656169699 0.8491525068929364 0.043151065293692836 
-0.5654935719462963 0.14621904365568628 -0.40396172613037784 -0.19901779696642263 -0.7247955642901935 0.8253348225872648 0.797492683898972 -0.10871305447859969 0.20366363742295457 0.6598395374003445 
-0.06946191995175277 0.5736629029198506 -0.4065966962814398 0.7722466157572458 -0.8848120323879611 -0.5194838317226378 -0.29765221008903 0.03545645289798416 0.836890884747725 -0.558778123679972 
-0.7217442199255173 -0.7129120828092836 -0.911578780624148 0.3742107395552996 0.36523535643658156 0.3032527914069998 0.6477933744140352 -0.03399042490936299 0.14744242294482346 -0.5320574868708099 
-0.3201725209009745 0.010790733009616194 -0.9828169252499726 -0.5395249800210782 0.4544159430941903 0.6394809979312077 -0.010313501171963502 -0.26916001681578594 0.8640827061051917 0.34568374784313183 
0.5871369697378255 -0.8552586410235636 -0.6018192412554895 0.6581621918951739 0.964397823288857 0.15022204202118594 -0.1782130672099822 -0.2178733957896659 -0.49614831830539585 0.7141549284442814 
0.6211878457903675 0.3926863161205454 0.6687314013025327 -0.5414404696080992 0.2570063861653298 0.15272412470414554 -0.033788931054663074 0.2752614891849243 -0.7730464492333584 0.36979079116971936 
-0.18128451501959097 0.40270641530712004 -0.42630747659702495 0.3636807601958867 0.5039853562424061 -0.11266682310811227 0.8255682489286118 0.994414823004929 -0.8351419632121164 -0.6951096410681252 
-0.7110869533295614 0.03733643384277552 0.5297549556755339 -0.44844939703638875 0.04366885646815666 0.1950885596326688 -0.6280970678963593 0.030850232361261165 -0.7197691148072227 -0.5863386845508449 
-0.029109483664816027 0.28962535087828667 0.28491154627757576 0.501197768220849 -0.5662538930282575 0.5850107446956851 0.8139628076296685 0.969961765447334 0.41742976099229256 0.7070531613160695 
0.14910407589707142 -0.2615299530034505 -0.9088891535616699 -0.02251658238194043 -0.7408709103475815 0.7699878425463085 -0.8688333282077398 0.5609042941448446 0.3632751420600704 -0.9879567361249537 
0.5587669475821864 0.9374669805119842 0.43740490967098133 -0.21517204548398094 -0.030732779509006436 -0.5238788123318565 -0.2925429975813787 0.10002890188131364 -0.8487261879555899 0.9204602402084308 
-0.8884123728381128 0.9634662397130291 0.7816052086084233 -0.9018484388216819 -0.2255676148913479 0.8416061171867621 0.629718674192461 -0.581415925447134 0.38990090526970733 -0.7899440773658555 
0.24526195286021535 0.06348504431355995 0.8279448426861167 0.18505667478176013 -0.685249709916377 -0.5437483672898615 0.1389014247265703 0.09451795818355868 -0.4840668981228051 -0.5866664989761365 
-0.08840324379312836 -0.8604699406579097 -0.5442858271963495 -0.9330242674920306 0.4346569067911068 -0.7501002514547315 -0.7764691877239374 0.5297480796863527 0.16391919626228768 -0.2845796385182058 
0.050377800923889327 -0.6112084542506537 0.8741086359206498 -0.8697607360284858 -0.5537651347807204 -0.8614311866722733 -0.27845214124256423 -0.9583198041401704 0.3741062556466135 -0.686333124102422 
0.5427043970040473 0.05455939317651448 0.24057864584134458 0.4824332924902712 -0.4551548172237563 0.37113052592944307 0.6465689168555608 -0.2523269397399974 -0.550051109981347 -0.7596785858417605 
0.9039419377322784 -0.6661454852768687 0.8320102834683838 0.8481648662638785 -0.9833701174591456 0.6029701595565928 0.10963630652619982 0.6049943187673341 -0.8233630241624788 0.005844095694399476 
0.672106001113443 0.05189351104992146 0.7415411921447308 0.8390980673973252 0.7128956821260768 0.1592285623242009 -0.3420431719111223 -0.9167796433412594 0.0026158494983854474 -0.9492137391425945 
0.41846341420157485 0.8632988409901072 0.2760972287203389 -0.91499168134395 -0.8094243882863887 -0.5406903966920353 0.6808060381526955 0.30905546857335175 0.33027711409766525 -0.6697607606251086 
0.9720500524603637 -0.8062387218470499 0.9361920458710264 -0.06239278771289869 0.5014135800030486 0.7599113727347957 0.6106644153047942 0.5674077440272394 -0.5512219342226587 -0.6462643069394485 
-0.44819617760868025 0.9244470480397478 0.6081571065986737 0.9868134547967817 0.019913808881201644 -0.11519822633009946 -0.9121774333656163 0.1553559082243463 0.9499539448701702 -0.5590048228762743 
0.8034783380971982 -0.05050251606339229 0.28748055312676835 -0.3168550234729701 -0.047642169752596386 0.1441115808650213 0.7097307608383641 -0.5780886870743744 0.16925199718945305 0.5057026408556387 
0.15837701964506135 0.16060730024319492 0.4665205509224346 -0.6985658751164674 -0.23692969281840504 -0.16958057407519544 0.2724638612733663 0.2902503147160105 0.420315713900278 -0.32561865364877196 
0.8211047022111853 -0.06541267130673223 -0.6993826724156049 -0.4148541344450154 -0.5959205979565414 -0.2262056038844633 -0.9130950119444987 0.1808371374038329 -0.05163945422427596 0.4673620801750198 
-0.18248595769897658 0.6076680763117097 -0.5849369195196186 0.6589395121152599 -0.4549864902995595 -0.4256380544343643 -0.1827749037311548 -0.6767536790475015 0.2542909267885478 0.8786317835645117 
0.6662096027691453 0.10878246125907465 0.49015115725516667 0.9562314187460368 -0.1683269548340396 -0.2962744759372473 0.0006523453517801592 -0.21393695764692433 0.8895530835514613 -0.2673181930738555 
-0.16871141554807578 0.17992969393129776 0.9665296101721643 0.0368822150352317 0.560423330415204 0.9268184706544227 -0.7228425309416726 0.17826796801767242 -0.32771995098046025 -0.5350887767007171 
-0.01606660266330051 -0.01842734716330985 -0.7463167008640721 0.459276435118779 0.4570937833026776 -0.8466396076579805 0.23832765021775315 0.32498793548524363 0.760908160341953 -0.5505251625077803 
0.8384819419493161 -0.36925809243628094 -0.0008348348471396427 0.007540181560202308 0.06425558233772222 -0.1649182573202106 -0.3506948347660901 0.7049785326430202 0.20803415847734397 0.37216154009829894 
0.19745604430768715 -0.8601098426972658 0.08179743438661058 0.9077829739725167 -0.8291783846409027 0.8475213541244593 -0.944051260180544 0.3260062671598316 0.21091846993559416 -0.6593530995727344 
-0.2639660620118087 0.99524692430045 0.6181783749110272 -0.7689211957065603 0.44525823422443556 0.08680337895778933 0.36587332534413086 0.6179880424693136 -0.7769339497081318 0.40477947668364567 
0.5260080152095696 0.42749722665344736 -0.8666126030749386 -0.7571614592470313 -0.5990346893131027 0.3900325617753597 -0.3480521733939379 0.08481142012200604 -0.6846837768569085 0.7917646521518773 
-0.34515388510850786 0.9047525271745998 0.6470205782504965 0.4789413653268826 0.6642621215242841 -0.7396629359969937 0.7061754856964153 -0.22238048549081824 -0.21280088809482844 0.7175215702203548 
