0.3870445942178853 -0.8376456308381803 -0.19253629914465842 0.16832260686825484 -0.9976506259755875 0.3027302434535626 0.08687984172263885 0.9424501263927949 -0.551943471646456 0.7035952336034974 0.5682195013064208 0.24158652635476852 0.41659028978804824 -0.6650146941813333 0.8615221141659251 0.5833143428847789 -0.6551486022823616 -0.7507396566741329 -0.2687465164759515 -0.47358937260215495 
-0.43183664125763865 0.1012925948467549 -0.93797542482586 0.5722416270773762 -0.7058291734919724 -0.03348140208511108 0.8002922309118194 0.5460667213959711 0.6113817926545162 0.3389624328818892 0.8718941480721603 -0.239474681532593 -0.8975311486097739 -0.8534612141687858 0.3481812496698178 0.550109630400871 -0.6102873169877936 -0.2748991002892258 0.2960973281195973 -0.6511006717301948 
-0.08326081912588568 0.8570643463910503 0.43962233555738317 0.1688537257008742 -0.005459226847923437 -0.6794792145582174 0.9926172587291773 0.7849525324227637 0.16989182821221216 0.6586872077908923 -0.7930457323002409 -0.7304472564925315 0.09839593044921235 -0.5714319556856102 -0.6428969135108553 0.9681818768553265 -0.6370209528014354 -0.6138514990052677 0.6780708472296442 -0.6282506124951588 
-0.8263445362939765 -0.609020415430408 0.8833918801640159 -0.7936226523917602 0.8688196802375598 0.05442649857112891 -0.7122353025539967 0.4591072873523452 -0.3925903212607431 0.7349405036431993 0.7866551793013221 0.05057975302107853 0.23194635863118296 0.12063742694188506 -0.016390946183529875 0.7679160169539099 0.6846641233721473 -0.5463595259715106 -0.14141536523156706 -0.7761457313233939 
0.15150773055070776 0.7926127084071639 0.7092200101256811 0.45684684314632906 -0.7756541952599276 0.3717903401039655 0.6935284891066624 -0.23403771650103344 -0.7172475592431375 -0.39956051069813747 -0.2658365711547388 0.958283093041264 0.12019449769068347 0.833637350050777 0.4975610463774347 -0.7149511806506477 -0.6286459706703948 0.8755100830345224 0.23262008798513212 -0.20450074834715792 
-0.43317465265148947 -0.5925636533621443 -0.19353997716396876 -0.7747781529996969 0.9204816364451982 -0.8133191111647506 -0.5591989857095985 0.08868886652023522 0.12567859906588508 -0.3310243342643495 -0.27308962630804823 0.5463026253372003 0.9228864121343381 0.1992973917505414 0.6559326082607266 -0.47006104584907527 0.3235253400465101 0.6029767117597362 -0.840583138282698 -0.2789956151593327 
0.6441490465674722 0.8001425501063735 -0.6236577411133397 -0.7557912185063613 0.28740856450459873 -0.25189647946792704 0.12940804606533107 0.49156099836713296 0.3019115205381204 0.17185672018867937 -0.24146170059750083 0.2692890699605186 0.9665608355865816 -0.8280869892225322 -0.11730838983337954 0.5343788840188117 0.8555557484200984 0.044327624684716405 0.4138281374983228 -0.19060497667781173 
-0.192265295541727 -0.8367260299945456 0.43650024677179156 0.7542295429239785 0.9301225855639101 0.20197392898780464 -0.881881422928031 0.34295545593232224 -0.8614954370697903 -0.4675181870058922 -0.7422969990488397 0.6019149996291866 0.5996981458342046 -0.8898504532756837 -0.7371118309046854 0.04737021279434317 0.5201615110721844 -0.994570857271287 0.7214187880080807 -0.009930130244304669 
-0.7992805335358821 0.2995993461745152 0.9337799577827839 0.554696538475715 -0.09380218544673236 -0.5147854105428016 0.8952823442483331 0.9604304306281581 0.889640933165116 -0.5228393894027574 -0.032998246681464005 -0.25621230261670536 0.26072888476425815 0.8445185451885664 0.6255907147474509 0.5512851544711943 -0.6886060710536535 -0.9383076510772053 -0.265300567922784 -0.6491281086296383 
-0.22622930669098418 -0.3264426185715654 -0.10522435511032269 0.33299659080329524 0.2729246382314361 0.47263052134702144 -0.1205483702770862 -0.7047701959574366 0.29062896427305795 -0.6784277899549538 -0.4202094463182806 0.21192587579323519 0.5159882646925738 0.6867476624953945 0.6762350260123628 -0.13158286510186 0.664212077029221 -0.2849435976859689 -0.823013004886417 -0.8065294963537917 
